[1156, 1043]	480	0.5	3	1.83e-5	
[10000, 1]	17	0.5	3	1.45e-5	
[1631, 1478]	4833	0.5	1	2.11e-5	
[1956, 1400]	200	0.5	3	2.25e-5	
[10000, 1]	448	0.5	3	1.27e-5	
[1110, 1942]	4161	0.5	2	3.1e-5	
[1106, 1495]	3157	0.5	3	2.4e-5	
[1936, 1684]	9789	0.5	1	4.13e-5	
[10000, 1]	3529	0.5	1	1.56e-5	
[1569, 1773]	40	0.5	2	1.94e-5	
[10000, 1]	1179	0.5	3	1.32e-5	
[1886, 1111]	31	0.5	3	1.9e-5	
[1368, 1753]	4542	0.5	2	2.57e-5	
[10000, 1]	23	0.5	3	1.18e-5	
[10000, 1]	2859	0.5	3	1.0700000000000001e-5	
[10000, 1]	5880	0.5	1	1.3500000000000001e-5	
[1502, 1480]	37	0.5	2	1.8200000000000002e-5	
[10000, 1]	4472	0.5	2	1.52e-5	
[10000, 1]	803	0.5	3	1.23e-5	
[1688, 1140]	587	0.5	2	1.94e-5	
[1748, 1991]	88	0.5	1	1.87e-5	
[1999, 1940]	758	0.5	3	2.3e-5	
[10000, 1]	46	0.5	2	1.1700000000000001e-5	
[10000, 1]	46	0.5	2	1.15e-5	
[10000, 1]	2585	0.5	3	1.4700000000000002e-5	
[10000, 1]	1884	0.5	2	1.39e-5	
[10000, 1]	8619	0.5	1	1.83e-5	
[10000, 1]	727	0.5	1	1.5700000000000002e-5	
[10000, 1]	2411	0.5	1	1.2400000000000002e-5	
[10000, 1]	930	0.5	3	1.27e-5	
[10000, 1]	420	0.5	2	1.25e-5	
[10000, 1]	521	0.5	1	1.18e-5	
[1844, 1377]	1364	0.5	1	4.13e-5	
[10000, 1]	519	0.5	1	1.18e-5	
[1437, 1877]	5811	0.5	1	2.2700000000000003e-5	
[10000, 1]	1700	0.5	3	1.3100000000000002e-5	
[10000, 1]	6481	0.5	1	1.34e-5	
[10000, 1]	30	0.5	3	1.1700000000000001e-5	
[10000, 1]	1594	0.5	2	1.29e-5	
[10000, 1]	5287	0.5	1	1.32e-5	
[1919, 1590]	7468	0.5	1	2.51e-5	
[1894, 1741]	4456	0.5	2	2.46e-5	
[1828, 1324]	2351	0.5	3	2.29e-5	
[10000, 1]	90	0.5	1	1.23e-5	
[10000, 1]	745	0.5	2	1.3300000000000001e-5	
[1752, 1062]	1358	0.5	3	2.08e-5	
[10000, 1]	546	0.5	3	1.69e-5	
[1499, 1678]	24	0.5	3	1.95e-5	
[1609, 1264]	6762	0.5	1	2.3500000000000002e-5	
[1872, 1101]	6969	0.5	1	2.39e-5	
[10000, 1]	4920	0.5	2	1.5e-5	
[1512, 1962]	938	0.5	2	1.95e-5	
[1034, 1762]	4524	0.5	2	2.4100000000000003e-5	
[1937, 1875]	2779	0.5	1	2.1000000000000002e-5	
[10000, 1]	1891	0.5	3	1.4700000000000002e-5	
[1807, 1612]	4768	0.5	2	3.54e-5	
[10000, 1]	27	0.5	2	1.1700000000000001e-5	
[1458, 1424]	93	0.5	1	2.8100000000000002e-5	
[10000, 1]	6449	0.5	1	1.36e-5	
[10000, 1]	1131	0.5	1	1.2e-5	
[10000, 1]	53	0.5	1	1.34e-5	
[1122, 1798]	708	0.5	3	1.97e-5	
[10000, 1]	5029	0.5	1	1.55e-5	
[10000, 1]	2712	0.5	3	1.5300000000000003e-5	
[10000, 1]	2675	0.5	2	1.3700000000000001e-5	
[10000, 1]	683	0.5	3	1.22e-5	
[1752, 1371]	91	0.5	1	1.8900000000000002e-5	
[10000, 1]	31	0.5	2	1.16e-5	
[1845, 1212]	2958	0.5	3	2.5500000000000003e-5	
[10000, 1]	2273	0.5	2	1.43e-5	
[10000, 1]	37	0.5	2	1.15e-5	
[10000, 1]	31	0.5	3	1.15e-5	
[1663, 1946]	6531	0.5	1	2.4e-5	
[10000, 1]	2840	0.5	2	1.4000000000000001e-5	
[10000, 1]	3356	0.5	2	1.43e-5	
[10000, 1]	4005	0.5	2	3.1400000000000004e-5	
[1050, 1778]	5744	0.5	1	2.29e-5	
[10000, 1]	3269	0.5	1	1.3500000000000001e-5	
[10000, 1]	606	0.5	3	1.25e-5	
[1838, 1088]	49	0.5	2	2.0600000000000003e-5	
[1667, 1623]	2216	0.5	1	3.29e-5	
[1985, 1163]	8324	0.5	1	4.16e-5	
[1380, 1150]	9000	0.5	1	3.9200000000000004e-5	
[10000, 1]	4046	0.5	2	1.6100000000000002e-5	
[1114, 1080]	68	0.5	1	0.00010180000000000001	
[1071, 1484]	1145	0.5	3	2.01e-5	
[1237, 1102]	6818	0.5	1	2.11e-5	
[1393, 1377]	16	0.5	3	1.84e-5	
[1018, 1201]	3253	0.5	3	2.39e-5	
[10000, 1]	64	0.5	1	1.18e-5	
[1789, 1346]	3005	0.5	3	2.4e-5	
[10000, 1]	7580	0.5	1	1.41e-5	
[10000, 1]	3107	0.5	3	1.48e-5	
[1538, 1132]	298	0.5	3	1.88e-5	
[10000, 1]	9849	0.5	1	2.1000000000000002e-5	
[1428, 1575]	7900	0.5	1	2.44e-5	
[10000, 1]	9910	0.5	1	1.87e-5	
[10000, 1]	54	0.5	1	1.1700000000000001e-5	
[1860, 1305]	96	0.5	1	1.88e-5	
[1353, 1623]	25	0.5	3	1.9600000000000002e-5	
[10000, 1]	3730	0.5	2	1.52e-5	
[1852, 1968]	91	0.5	1	4.18e-5	
[1030, 1341]	43	0.5	2	1.8200000000000002e-5	
[10000, 1]	2794	0.5	3	1.66e-5	
[1984, 1278]	1707	0.5	2	2.0e-5	
[10000, 1]	28	0.5	2	1.1900000000000001e-5	
[1623, 1025]	770	0.5	3	2.04e-5	
[1696, 1468]	389	0.5	2	1.98e-5	
[10000, 1]	6482	0.5	1	1.4000000000000001e-5	
[1017, 1253]	4214	0.5	2	3.0100000000000003e-5	
[1540, 1558]	3883	0.5	1	2.47e-5	
[1835, 1513]	2736	0.5	3	2.5300000000000002e-5	
[1420, 1916]	8147	0.5	1	2.51e-5	
[10000, 1]	1493	0.5	3	1.45e-5	
[1244, 1814]	1254	0.5	3	2.18e-5	
[10000, 1]	3271	0.5	2	1.81e-5	
[10000, 1]	7379	0.5	1	1.39e-5	
[10000, 1]	3134	0.5	3	1.76e-5	
[1497, 1458]	1306	0.5	2	2.4e-5	
[10000, 1]	2119	0.5	2	1.54e-5	
[1446, 1089]	3165	0.5	3	3.5000000000000004e-5	
[10000, 1]	1049	0.5	3	1.3300000000000001e-5	
[10000, 1]	19	0.5	3	1.2600000000000001e-5	
[10000, 1]	9049	0.5	1	2.85e-5	
[1864, 1475]	2528	0.5	3	2.3500000000000002e-5	
[10000, 1]	8432	0.5	1	1.9200000000000003e-5	
[1303, 1574]	1814	0.5	1	1.97e-5	
[1761, 1244]	6926	0.5	1	3.3e-5	
[1063, 1456]	29	0.5	2	1.8500000000000002e-5	
[10000, 1]	1429	0.5	3	1.4900000000000001e-5	
[10000, 1]	4150	0.5	1	1.2600000000000001e-5	
[1055, 1848]	18	0.5	3	1.8200000000000002e-5	
[1852, 1761]	2351	0.5	2	2.1700000000000002e-5	
[1449, 1985]	33	0.5	3	1.7500000000000002e-5	
[1834, 1115]	9383	0.5	1	5.42e-5	
[10000, 1]	2348	0.5	3	1.41e-5	
[1348, 1539]	19	0.5	3	1.94e-5	
[10000, 1]	1325	0.5	3	1.4900000000000001e-5	
[10000, 1]	93	0.5	1	1.4200000000000001e-5	
[1692, 1171]	21	0.5	3	1.88e-5	
[1650, 1632]	24	0.5	3	1.9600000000000002e-5	
[10000, 1]	3507	0.5	2	1.46e-5	
[1917, 1881]	2029	0.5	1	1.98e-5	
[1035, 1570]	4652	0.5	1	2.02e-5	
[10000, 1]	9986	0.5	1	1.9e-5	
[1917, 1555]	69	0.5	1	1.79e-5	
[1937, 1421]	6805	0.5	1	2.2800000000000002e-5	
[1763, 1837]	1641	0.5	3	2.2000000000000003e-5	
[1904, 1308]	354	0.5	3	3.21e-5	
[1777, 1379]	8502	0.5	1	3.93e-5	
[10000, 1]	4380	0.5	2	2.61e-5	
[1190, 1941]	4926	0.5	2	2.86e-5	
[10000, 1]	38	0.5	2	1.2100000000000001e-5	
[10000, 1]	31	0.5	2	1.1400000000000001e-5	
[10000, 1]	58	0.5	1	1.4900000000000001e-5	
[1072, 1318]	3153	0.5	3	2.29e-5	
[1210, 1366]	23	0.5	3	1.84e-5	
[1596, 1839]	2015	0.5	3	2.16e-5	
[1720, 1638]	2515	0.5	3	3.08e-5	
[1977, 1658]	3132	0.5	1	2.6200000000000003e-5	
[1299, 1334]	1518	0.5	3	2.16e-5	
[10000, 1]	6371	0.5	1	1.36e-5	
[10000, 1]	17	0.5	3	1.18e-5	
[10000, 1]	99	0.5	1	1.18e-5	
[10000, 1]	26	0.5	3	1.18e-5	
[10000, 1]	3321	0.5	3	1.4900000000000001e-5	
[10000, 1]	3175	0.5	3	1.4900000000000001e-5	
[10000, 1]	31	0.5	3	1.18e-5	
[1914, 1491]	7057	0.5	1	2.43e-5	
[10000, 1]	9053	0.5	1	2.25e-5	
[1338, 1934]	2819	0.5	3	2.4100000000000003e-5	
[10000, 1]	4111	0.5	2	1.4900000000000001e-5	
[1266, 1739]	90	0.5	1	1.79e-5	
[10000, 1]	24	0.5	3	1.46e-5	
[10000, 1]	2179	0.5	2	1.39e-5	
[1530, 1692]	1972	0.5	1	2.0e-5	
[10000, 1]	44	0.5	2	1.1900000000000001e-5	
[1600, 1811]	57	0.5	1	1.8200000000000002e-5	
[1259, 1390]	6786	0.5	1	2.3100000000000002e-5	
[10000, 1]	27	0.5	3	1.46e-5	
[10000, 1]	2953	0.5	3	1.46e-5	
[10000, 1]	30	0.5	2	1.1900000000000001e-5	
[1451, 1137]	47	0.5	2	1.9600000000000002e-5	
[10000, 1]	65	0.5	1	3.6400000000000004e-5	
[10000, 1]	8158	0.5	1	1.5100000000000001e-5	
[1559, 1543]	3402	0.5	2	2.4900000000000002e-5	
[1125, 1149]	2548	0.5	2	2.15e-5	
[10000, 1]	48	0.5	2	1.1700000000000001e-5	
[1799, 1430]	1126	0.5	2	2.12e-5	
[10000, 1]	3697	0.5	2	1.9200000000000003e-5	
[1201, 1117]	3690	0.5	2	2.2700000000000003e-5	
[10000, 1]	4553	0.5	1	1.32e-5	
[10000, 1]	9586	0.5	1	1.84e-5	
[10000, 1]	22	0.5	3	1.2100000000000001e-5	
[10000, 1]	4038	0.5	2	1.76e-5	
[1577, 1218]	653	0.5	2	1.9600000000000002e-5	
[1729, 1670]	3121	0.5	3	2.4e-5	
[1720, 1792]	98	0.5	1	1.8200000000000002e-5	
[10000, 1]	7669	0.5	1	1.4000000000000001e-5	
[10000, 1]	892	0.5	2	1.29e-5	
[1850, 1884]	40	0.5	2	1.8900000000000002e-5	
[1688, 1662]	1357	0.5	3	2.15e-5	
[1793, 1991]	4702	0.5	2	2.5900000000000003e-5	
[1284, 1065]	4365	0.5	2	2.22e-5	
[1682, 1458]	3091	0.5	3	7.41e-5	
[10000, 1]	9449	0.5	1	2.16e-5	
[1234, 1748]	7739	0.5	1	2.43e-5	
[1316, 1741]	26	0.5	3	1.8900000000000002e-5	
[10000, 1]	1165	0.5	3	1.3100000000000002e-5	
[10000, 1]	9082	0.5	1	2.05e-5	
[1563, 1699]	350	0.5	3	1.88e-5	
[10000, 1]	3830	0.5	2	1.5e-5	
[1027, 1675]	2579	0.5	1	2.2000000000000003e-5	
[10000, 1]	29	0.5	3	1.2e-5	
[1144, 1600]	79	0.5	1	1.9e-5	
[10000, 1]	3612	0.5	2	2.19e-5	
[10000, 1]	2191	0.5	3	1.45e-5	
[1600, 1427]	3632	0.5	2	2.44e-5	
[1948, 1935]	31	0.5	2	2.0e-5	
[1196, 1257]	21	0.5	3	7.16e-5	
[10000, 1]	2187	0.5	2	1.43e-5	
[10000, 1]	9238	0.5	1	1.9200000000000003e-5	
[1411, 1337]	2526	0.5	3	2.19e-5	
[1286, 1550]	1291	0.5	2	2.22e-5	
[10000, 1]	35	0.5	2	1.2e-5	
[10000, 1]	92	0.5	1	1.1700000000000001e-5	
[1575, 1231]	4139	0.5	2	3.57e-5	
[1995, 1466]	2866	0.5	3	2.3800000000000003e-5	
[1051, 1431]	8739	0.5	1	3.66e-5	
[10000, 1]	1081	0.5	3	1.27e-5	
[1182, 1821]	8424	0.5	1	7.75e-5	
[1673, 1015]	24	0.5	3	1.81e-5	
[1599, 1956]	8039	0.5	1	2.3100000000000002e-5	
[1209, 1038]	2730	0.5	3	2.2100000000000002e-5	
[10000, 1]	988	0.5	3	1.3100000000000002e-5	
[1081, 1169]	876	0.5	2	1.83e-5	
[10000, 1]	3201	0.5	1	1.27e-5	
[1010, 1370]	354	0.5	1	1.77e-5	
[10000, 1]	3032	0.5	3	1.4400000000000001e-5	
[10000, 1]	8704	0.5	1	1.86e-5	
[1230, 1899]	1372	0.5	3	2.37e-5	
[1006, 1330]	7978	0.5	1	2.26e-5	
[10000, 1]	26	0.5	3	1.1900000000000001e-5	
[10000, 1]	77	0.5	1	1.16e-5	
[10000, 1]	4605	0.5	2	1.6100000000000002e-5	
[1606, 1253]	1736	0.5	1	2.11e-5	
[10000, 1]	9151	0.5	1	1.98e-5	
[10000, 1]	3890	0.5	2	1.6400000000000002e-5	
[10000, 1]	62	0.5	1	1.2e-5	
[1616, 1441]	1066	0.5	3	1.97e-5	
[1063, 1074]	89	0.5	1	2.3400000000000003e-5	
[1473, 1699]	39	0.5	2	1.94e-5	
[1581, 1041]	918	0.5	1	1.93e-5	
[1103, 1353]	1780	0.5	2	2.04e-5	
[10000, 1]	77	0.5	1	1.3700000000000001e-5	
[10000, 1]	4500	0.5	2	1.54e-5	
[10000, 1]	92	0.5	2	1.2800000000000001e-5	
[1204, 1434]	40	0.5	2	1.9600000000000002e-5	
[1542, 1335]	24	0.5	3	1.9200000000000003e-5	
[10000, 1]	65	0.5	1	1.1900000000000001e-5	
[10000, 1]	21	0.5	3	1.2e-5	
[10000, 1]	8326	0.5	1	1.91e-5	
[1774, 1405]	18	0.5	3	1.72e-5	
[10000, 1]	3384	0.5	2	1.4400000000000001e-5	
[1473, 1555]	4864	0.5	2	2.5600000000000002e-5	
[10000, 1]	32	0.5	3	1.2e-5	
[10000, 1]	686	0.5	3	1.3000000000000001e-5	
[10000, 1]	7926	0.5	1	1.4900000000000001e-5	
[10000, 1]	2466	0.5	3	1.5100000000000001e-5	
[10000, 1]	4439	0.5	2	1.65e-5	
[1959, 1627]	5598	0.5	1	2.2000000000000003e-5	
[1117, 1763]	9293	0.5	1	3.9e-5	
[10000, 1]	3128	0.5	2	1.83e-5	
[10000, 1]	63	0.5	1	1.1900000000000001e-5	
[1993, 1238]	154	0.5	2	1.93e-5	
[1453, 1606]	2793	0.5	3	2.43e-5	
[10000, 1]	1808	0.5	2	1.3800000000000002e-5	
[10000, 1]	8379	0.5	1	2.1000000000000002e-5	
[10000, 1]	2334	0.5	3	1.45e-5	
[1030, 1156]	37	0.5	2	1.7500000000000002e-5	
[1763, 1378]	734	0.5	2	2.7600000000000003e-5	
[10000, 1]	2480	0.5	1	1.2400000000000002e-5	
[10000, 1]	5536	0.5	1	2.6900000000000003e-5	
[1633, 1384]	4093	0.5	2	2.46e-5	
[1646, 1429]	2230	0.5	3	2.2800000000000002e-5	
[1830, 1944]	4986	0.5	2	3.2500000000000004e-5	
[1720, 1935]	355	0.5	3	1.9200000000000003e-5	
[1268, 1896]	45	0.5	2	1.9600000000000002e-5	
[1920, 1863]	65	0.5	1	1.7e-5	
[1460, 1774]	1114	0.5	2	1.91e-5	
[1234, 1772]	44	0.5	2	1.94e-5	
[10000, 1]	2579	0.5	3	1.52e-5	
[1677, 1264]	33	0.5	3	2.0e-5	
[1405, 1668]	4799	0.5	2	2.5500000000000003e-5	
[10000, 1]	4229	0.5	2	1.54e-5	
[1069, 1358]	4155	0.5	2	2.32e-5	
[10000, 1]	1371	0.5	3	1.34e-5	
[10000, 1]	29	0.5	3	1.2e-5	
[10000, 1]	3289	0.5	3	1.46e-5	
[1280, 1994]	53	0.5	1	1.79e-5	
[1956, 1459]	2329	0.5	3	2.47e-5	
[1696, 1542]	9356	0.5	1	4.04e-5	
[10000, 1]	31	0.5	3	1.2100000000000001e-5	
[10000, 1]	4568	0.5	1	1.3500000000000001e-5	
[1207, 1810]	436	0.5	3	2.9800000000000003e-5	
[10000, 1]	2545	0.5	3	1.79e-5	
[10000, 1]	444	0.5	2	1.3100000000000002e-5	
[1000, 1948]	3457	0.5	2	6.06e-5	
[1794, 1161]	3622	0.5	2	3.32e-5	
[10000, 1]	9229	0.5	1	2.64e-5	
[1189, 1385]	34	0.5	2	1.83e-5	
[1036, 1196]	2842	0.5	2	2.1000000000000002e-5	
[10000, 1]	3373	0.5	2	1.4700000000000002e-5	
[1920, 1548]	8279	0.5	1	3.93e-5	
[1369, 1889]	87	0.5	1	2.01e-5	
[10000, 1]	577	0.5	2	1.2600000000000001e-5	
[1468, 1840]	2775	0.5	2	2.22e-5	
[10000, 1]	8948	0.5	1	2.8100000000000002e-5	
[1633, 1003]	3682	0.5	2	2.2400000000000002e-5	
[10000, 1]	34	0.5	2	1.1700000000000001e-5	
[10000, 1]	3106	0.5	3	1.56e-5	
[10000, 1]	30	0.5	2	1.2e-5	
[10000, 1]	3483	0.5	2	1.56e-5	
[10000, 1]	3216	0.5	3	1.65e-5	
[1127, 1177]	3079	0.5	2	2.1000000000000002e-5	
[10000, 1]	4760	0.5	1	1.3800000000000002e-5	
[1225, 1677]	73	0.5	1	1.9200000000000003e-5	
[10000, 1]	280	0.5	3	1.1700000000000001e-5	
[1672, 1865]	7437	0.5	1	2.33e-5	
[10000, 1]	2626	0.5	1	1.3000000000000001e-5	
[10000, 1]	1788	0.5	3	1.46e-5	
[1478, 1663]	55	0.5	1	1.94e-5	
[1468, 1155]	2207	0.5	3	2.12e-5	
[1517, 1888]	9735	0.5	1	4.2900000000000006e-5	
[10000, 1]	614	0.5	2	1.2400000000000002e-5	
[1499, 1680]	1301	0.5	2	1.94e-5	
[1966, 1347]	2657	0.5	3	2.4900000000000002e-5	
[10000, 1]	2579	0.5	1	1.2400000000000002e-5	
[1491, 1115]	3025	0.5	2	2.25e-5	
[10000, 1]	9435	0.5	1	1.95e-5	
[10000, 1]	2454	0.5	3	1.43e-5	
[10000, 1]	1988	0.5	3	1.39e-5	
[10000, 1]	3308	0.5	3	1.66e-5	
[10000, 1]	45	0.5	2	1.1900000000000001e-5	
[10000, 1]	62	0.5	1	1.18e-5	
[10000, 1]	1641	0.5	3	1.3500000000000001e-5	
[1193, 1887]	26	0.5	2	1.91e-5	
[10000, 1]	2354	0.5	3	1.48e-5	
[10000, 1]	2743	0.5	3	1.43e-5	
[10000, 1]	4936	0.5	1	1.3500000000000001e-5	
[1435, 1473]	3139	0.5	3	2.47e-5	
[1870, 1684]	3485	0.5	2	2.2700000000000003e-5	
[1360, 1487]	26	0.5	3	1.72e-5	
[10000, 1]	3327	0.5	3	1.54e-5	
[1646, 1141]	3298	0.5	2	2.33e-5	
[10000, 1]	4046	0.5	2	1.66e-5	
[10000, 1]	154	0.5	1	1.1900000000000001e-5	
[10000, 1]	85	0.5	1	1.2e-5	
[10000, 1]	5561	0.5	1	1.3800000000000002e-5	
[10000, 1]	43	0.5	2	1.18e-5	
[1279, 1136]	2212	0.5	3	2.15e-5	
[10000, 1]	5438	0.5	1	1.4200000000000001e-5	
[1496, 1248]	2990	0.5	1	2.05e-5	
[1408, 1333]	1695	0.5	3	2.29e-5	
[1110, 1003]	2349	0.5	3	2.12e-5	
[10000, 1]	88	0.5	1	1.18e-5	
[10000, 1]	838	0.5	2	1.2400000000000002e-5	
[1669, 1329]	6479	0.5	1	2.44e-5	
[1124, 1533]	32	0.5	2	1.81e-5	
[10000, 1]	1272	0.5	2	1.3000000000000001e-5	
[10000, 1]	6072	0.5	1	1.3800000000000002e-5	
[10000, 1]	4808	0.5	2	1.6400000000000002e-5	
[10000, 1]	90	0.5	1	1.18e-5	
[10000, 1]	2489	0.5	3	1.4000000000000001e-5	
[10000, 1]	3287	0.5	3	1.4700000000000002e-5	
[10000, 1]	533	0.5	2	1.3100000000000002e-5	
[1241, 1895]	3109	0.5	1	2.09e-5	
[10000, 1]	2648	0.5	2	1.4200000000000001e-5	
[10000, 1]	5942	0.5	1	1.3700000000000001e-5	
[1493, 1490]	9635	0.5	1	4.35e-5	
[1434, 1055]	41	0.5	2	1.79e-5	
[10000, 1]	4063	0.5	2	1.5100000000000001e-5	
[10000, 1]	3900	0.5	2	1.56e-5	
[10000, 1]	417	0.5	2	1.27e-5	
[1780, 1889]	8264	0.5	1	4.1700000000000004e-5	
[1891, 1714]	1399	0.5	2	2.0700000000000002e-5	
[10000, 1]	7390	0.5	1	1.4200000000000001e-5	
[1038, 1393]	2993	0.5	2	2.12e-5	
[10000, 1]	4661	0.5	2	1.6400000000000002e-5	
[1712, 1059]	1039	0.5	3	1.93e-5	
[10000, 1]	4220	0.5	1	1.3100000000000002e-5	
[1847, 1300]	2754	0.5	3	2.29e-5	
[10000, 1]	3841	0.5	2	1.81e-5	
[10000, 1]	2773	0.5	3	1.48e-5	
[1137, 1860]	2223	0.5	3	2.37e-5	
[10000, 1]	88	0.5	1	1.1400000000000001e-5	
[1724, 1854]	77	0.5	1	1.77e-5	
[1773, 1756]	2923	0.5	3	2.4800000000000003e-5	
[1653, 1053]	1683	0.5	3	1.94e-5	
[10000, 1]	7048	0.5	1	1.4000000000000001e-5	
[10000, 1]	46	0.5	2	1.2e-5	
[1931, 1044]	1887	0.5	3	2.1400000000000002e-5	
[10000, 1]	2269	0.5	3	1.41e-5	
[10000, 1]	529	0.5	2	1.22e-5	
[1408, 1257]	8545	0.5	1	4.1200000000000005e-5	
[10000, 1]	3948	0.5	2	1.59e-5	
[10000, 1]	4665	0.5	2	1.63e-5	
[1905, 1797]	4894	0.5	2	2.4800000000000003e-5	
[1596, 1479]	3666	0.5	2	2.2000000000000003e-5	
[1856, 1222]	5809	0.5	1	2.4900000000000002e-5	
[10000, 1]	5404	0.5	1	1.3100000000000002e-5	
[10000, 1]	8657	0.5	1	2.1000000000000002e-5	
[1740, 1383]	83	0.5	1	1.84e-5	
[1918, 1047]	1010	0.5	2	2.12e-5	
[10000, 1]	17	0.5	3	1.23e-5	
[10000, 1]	2134	0.5	3	1.45e-5	
[10000, 1]	32	0.5	2	2.0300000000000002e-5	
[10000, 1]	4086	0.5	2	1.5300000000000003e-5	
[1944, 1304]	308	0.5	2	1.98e-5	
[10000, 1]	35	0.5	2	1.27e-5	
[1460, 1104]	3776	0.5	2	2.33e-5	
[1259, 1015]	2161	0.5	3	2.1300000000000003e-5	
[1922, 1190]	8828	0.5	1	3.9800000000000005e-5	
[1097, 1369]	33	0.5	3	1.8e-5	
[1884, 1767]	5896	0.5	1	2.2700000000000003e-5	
[1232, 1861]	4547	0.5	2	2.3400000000000003e-5	
[1446, 1717]	2149	0.5	1	2.0700000000000002e-5	
[1659, 1874]	9546	0.5	1	3.97e-5	
[10000, 1]	1890	0.5	3	1.4200000000000001e-5	
[10000, 1]	4358	0.5	2	1.5300000000000003e-5	
[1586, 1841]	3115	0.5	2	2.15e-5	
[1910, 1403]	1397	0.5	2	1.98e-5	
[1225, 1940]	3007	0.5	1	2.1000000000000002e-5	
[1037, 1933]	20	0.5	3	1.7800000000000002e-5	
[1119, 1101]	2773	0.5	3	2.33e-5	
[1812, 1181]	3862	0.5	2	2.39e-5	
[10000, 1]	76	0.5	1	1.2100000000000001e-5	
[10000, 1]	352	0.5	1	1.23e-5	
[10000, 1]	1820	0.5	2	1.3300000000000001e-5	
[10000, 1]	3312	0.5	3	1.54e-5	
[1916, 1249]	35	0.5	2	1.98e-5	
[10000, 1]	4668	0.5	1	1.3100000000000002e-5	
[1975, 1357]	26	0.5	3	1.94e-5	
[1586, 1302]	2636	0.5	2	2.33e-5	
[1646, 1172]	7473	0.5	1	2.3e-5	
[1677, 1087]	2142	0.5	3	2.2400000000000002e-5	
[1858, 1981]	3242	0.5	3	2.61e-5	
[1513, 1197]	2136	0.5	3	2.1400000000000002e-5	
[10000, 1]	30	0.5	3	1.54e-5	
[10000, 1]	26	0.5	3	1.13e-5	
[1488, 1430]	8632	0.5	1	3.94e-5	
[10000, 1]	3309	0.5	3	1.5300000000000003e-5	
[1432, 1928]	2512	0.5	1	2.15e-5	
[1594, 1030]	2061	0.5	1	2.02e-5	
[10000, 1]	4152	0.5	2	1.56e-5	
[10000, 1]	159	0.5	3	1.2e-5	
[10000, 1]	2316	0.5	3	1.4400000000000001e-5	
[1479, 1919]	99	0.5	1	1.84e-5	
[10000, 1]	4913	0.5	2	1.77e-5	
[1592, 1716]	9524	0.5	1	4.38e-5	
[10000, 1]	3208	0.5	2	1.46e-5	
[10000, 1]	895	0.5	3	1.3000000000000001e-5	
[1130, 1469]	3088	0.5	3	2.25e-5	
[1906, 1826]	2936	0.5	3	2.43e-5	
[10000, 1]	2593	0.5	3	1.39e-5	
[10000, 1]	2930	0.5	3	1.4200000000000001e-5	
[1466, 1697]	3201	0.5	2	2.43e-5	
[1634, 1222]	746	0.5	3	2.11e-5	
[1392, 1223]	36	0.5	2	1.88e-5	
[10000, 1]	7342	0.5	1	1.3800000000000002e-5	
[1409, 1291]	2359	0.5	3	2.39e-5	
[1098, 1900]	4125	0.5	2	2.33e-5	
[1277, 1868]	2537	0.5	3	2.46e-5	
[1044, 1112]	33	0.5	2	1.7800000000000002e-5	
[1019, 1615]	4353	0.5	2	2.3100000000000002e-5	
[10000, 1]	31	0.5	2	1.2100000000000001e-5	
[1110, 1256]	4833	0.5	2	3.09e-5	
[10000, 1]	1805	0.5	3	1.3800000000000002e-5	
[10000, 1]	3873	0.5	2	1.5100000000000001e-5	
[1257, 1352]	1223	0.5	2	1.88e-5	
